type,pid,tid,splits,missing,overlaps,sequence_diff
old_vs_fixed,p62,t3,0.25,0.0,0.75,0.1875
old_vs_fixed,p62,t1,0.109375,0.09375,0.796875,0.36363636363636365
old_vs_fixed,p95,t2,0.0,0.0,1.0,0.42857142857142855
old_vs_fixed,p66,t2,0.02127659574468085,0.005319148936170213,0.973404255319149,0.5393258426966292
old_vs_fixed,p24,t3,0.0546448087431694,0.0546448087431694,0.8907103825136612,0.5625
old_vs_fixed,p66,t3,0.028077753779697623,0.012958963282937365,0.958963282937365,0.5626029654036244
old_vs_fixed,p62,t2,0.06779661016949153,0.05084745762711865,0.8813559322033898,0.6102941176470589
old_vs_fixed,p66,t1,0.011494252873563218,0.017241379310344827,0.9712643678160919,0.6517412935323383
old_vs_fixed,p24,t4,0.0228310502283105,0.0136986301369863,0.9634703196347032,0.658102766798419
old_vs_fixed,p79,t3,0.046875,0.0625,0.890625,0.6666666666666666
old_vs_fixed,p87,t1,0.0,0.08333333333333333,0.9166666666666666,0.6666666666666666
old_vs_fixed,p87,t2,0.0,0.0,1.0,0.6666666666666666
old_vs_fixed,p95,t3,0.0,0.0,1.0,0.6666666666666666
old_vs_fixed,p72,t2,0.016666666666666666,0.03,0.9533333333333334,0.6727272727272727
old_vs_fixed,p95,t4,0.03669724770642202,0.009174311926605505,0.9541284403669725,0.6811023622047244
old_vs_fixed,p91,t4,0.0,0.0,1.0,0.6875
old_vs_fixed,p24,t1,0.010796221322537112,0.005398110661268556,0.9838056680161943,0.6953807740324595
old_vs_fixed,p95,t1,0.0,0.0,1.0,0.696969696969697
old_vs_fixed,p91,t1,0.0,0.0,1.0,0.7017543859649122
old_vs_fixed,p67,t2,0.0056179775280898875,0.011235955056179775,0.9831460674157303,0.7067567567567568
old_vs_fixed,p80,t1,0.047619047619047616,0.047619047619047616,0.9047619047619048,0.7142857142857143
old_vs_fixed,p91,t3,0.0,0.0,1.0,0.7142857142857143
old_vs_fixed,p65,t3,0.01694915254237288,0.01694915254237288,0.9661016949152542,0.7153846153846154
old_vs_fixed,p24,t2,0.06476683937823834,0.018134715025906734,0.917098445595855,0.7185273159144893
old_vs_fixed,p28,t4,0.031209362808842653,0.0039011703511053317,0.9648894668400521,0.7201070791195717
old_vs_fixed,p93,t3,0.0,0.016666666666666666,0.9833333333333333,0.7213114754098361
old_vs_fixed,p10,t2,0.002145922746781116,0.0,0.9978540772532188,0.7319148936170212
old_vs_fixed,p52,t3,0.00228310502283105,0.0091324200913242,0.9885844748858448,0.7328767123287672
old_vs_fixed,p79,t2,0.010752688172043012,0.010752688172043012,0.978494623655914,0.7365591397849462
old_vs_fixed,p68,t3,0.004514672686230248,0.022573363431151242,0.9729119638826185,0.7404063205417607
old_vs_fixed,p88,t4,0.0,0.011627906976744186,0.9883720930232558,0.7412790697674418
old_vs_fixed,p43,t3,0.011686143572621035,0.01001669449081803,0.9782971619365609,0.7419093851132686
old_vs_fixed,p84,t3,0.0,0.012987012987012988,0.987012987012987,0.7435897435897436
old_vs_fixed,p28,t3,0.00597609561752988,0.01195219123505976,0.9820717131474104,0.745697896749522
old_vs_fixed,p64,t3,0.0,0.0,1.0,0.7486338797814208
old_vs_fixed,p93,t4,0.009259259259259259,0.0,0.9907407407407407,0.75
old_vs_fixed,p105,t4,0.01282051282051282,0.0,0.9871794871794872,0.75
old_vs_fixed,p106,t4,0.0,0.018018018018018018,0.9819819819819819,0.7522522522522522
old_vs_fixed,p89,t4,0.0,0.0106951871657754,0.9893048128342246,0.7540106951871658
old_vs_fixed,p85,t1,0.034482758620689655,0.017241379310344827,0.9482758620689655,0.7542372881355932
old_vs_fixed,p34,t2,0.001392757660167131,0.001392757660167131,0.9972144846796658,0.7554794520547945
old_vs_fixed,p49,t3,0.0072992700729927005,0.0040551500405515,0.9886455798864558,0.7568843430369787
old_vs_fixed,p12,t3,0.0010050251256281408,0.0,0.9989949748743718,0.757271815446339
old_vs_fixed,p89,t3,0.004149377593360996,0.008298755186721992,0.9875518672199171,0.7593360995850622
old_vs_fixed,p72,t3,0.0029069767441860465,0.005813953488372093,0.9912790697674418,0.7614942528735632
old_vs_fixed,p85,t3,0.0,0.023529411764705882,0.9764705882352941,0.7647058823529411
old_vs_fixed,p86,t2,0.0,0.0012970168612191958,0.9987029831387808,0.7658064516129032
old_vs_fixed,p20,t2,0.0054525627044711015,0.006543075245365322,0.9880043620501636,0.7660850599781898
old_vs_fixed,p11,t3,0.0014367816091954023,0.0,0.9985632183908046,0.7661971830985915
old_vs_fixed,p51,t3,0.008918617614269788,0.012263099219620958,0.9788182831661093,0.7675585284280937
old_vs_fixed,p22,t4,0.017421602787456445,0.004878048780487805,0.9777003484320558,0.7682679296346414
old_vs_fixed,p65,t2,0.02436738519212746,0.01218369259606373,0.9634489222118088,0.7686025408348457
old_vs_fixed,p64,t2,0.004866180048661801,0.0024330900243309003,0.9927007299270073,0.7686746987951807
old_vs_fixed,p74,t2,0.010676156583629894,0.0071174377224199285,0.9822064056939501,0.7695035460992907
old_vs_fixed,p85,t2,0.0,0.0,1.0,0.7706422018348624
old_vs_fixed,p10,t1,0.0,0.0047694753577106515,0.9952305246422893,0.7709984152139461
old_vs_fixed,p101,t2,0.0,0.0,1.0,0.7712418300653595
old_vs_fixed,p32,t3,0.005305039787798408,0.011936339522546418,0.9827586206896551,0.7718832891246684
old_vs_fixed,p96,t3,0.008968609865470852,0.004484304932735426,0.9865470852017937,0.7719298245614035
old_vs_fixed,p22,t2,0.04358974358974359,0.0,0.9564102564102565,0.7729988052568698
old_vs_fixed,p20,t3,0.0034562211981566822,0.009216589861751152,0.9873271889400922,0.7730414746543779
old_vs_fixed,p12,t2,0.00684931506849315,0.003424657534246575,0.9897260273972602,0.773972602739726
old_vs_fixed,p34,t3,0.05426356589147287,0.007751937984496124,0.937984496124031,0.774074074074074
old_vs_fixed,p91,t2,0.0,0.0,1.0,0.7748091603053435
old_vs_fixed,p34,t4,0.0069605568445475635,0.0069605568445475635,0.9860788863109049,0.7748267898383372
old_vs_fixed,p12,t4,0.0031201248049922,0.0,0.9968798751950078,0.7752329192546584
old_vs_fixed,p68,t2,0.00544069640914037,0.00544069640914037,0.9891186071817193,0.7752992383025027
old_vs_fixed,p67,t3,0.0,0.022082018927444796,0.9779179810725552,0.7760736196319018
old_vs_fixed,p76,t3,0.009628610729023384,0.002751031636863824,0.9876203576341128,0.7764945652173914
old_vs_fixed,p74,t1,0.0,0.008174386920980926,0.9918256130790191,0.776566757493188
old_vs_fixed,p26,t4,0.0074962518740629685,0.005997001499250375,0.9865067466266867,0.7773613193403298
old_vs_fixed,p98,t3,0.1111111111111111,0.0,0.8888888888888888,0.7777777777777778
old_vs_fixed,p12,t1,0.0,0.0,1.0,0.7779700115340253
old_vs_fixed,p19,t3,0.00683371298405467,0.02050113895216401,0.9726651480637813,0.7790432801822323
old_vs_fixed,p88,t3,0.023255813953488372,0.046511627906976744,0.9302325581395349,0.7790697674418605
old_vs_fixed,p34,t1,0.0,0.0033112582781456954,0.9966887417218543,0.7791208791208791
old_vs_fixed,p60,t1,0.0068143100511073255,0.0068143100511073255,0.9863713798977853,0.7795608108108109
old_vs_fixed,p67,t1,0.005422993492407809,0.006507592190889371,0.9880694143167028,0.7800429184549357
old_vs_fixed,p90,t1,0.006329113924050633,0.006329113924050633,0.9873417721518988,0.780373831775701
old_vs_fixed,p19,t1,0.003393665158371041,0.005656108597285068,0.9909502262443439,0.7810055865921788
old_vs_fixed,p78,t3,0.003779289493575208,0.0007558578987150416,0.9954648526077098,0.7811799850634802
old_vs_fixed,p105,t2,0.007978723404255319,0.005319148936170213,0.9867021276595744,0.7824933687002652
old_vs_fixed,p27,t2,0.0067618332081141996,0.010518407212622089,0.9827197595792637,0.7824943651389933
old_vs_fixed,p60,t2,0.0,0.0,1.0,0.782608695652174
old_vs_fixed,p51,t2,0.012106537530266344,0.0036319612590799033,0.9842615012106537,0.782791817087846
old_vs_fixed,p74,t3,0.005012531328320802,0.007518796992481203,0.9874686716791979,0.7835820895522388
old_vs_fixed,p87,t3,0.0,0.05405405405405406,0.9459459459459459,0.7837837837837838
old_vs_fixed,p57,t3,0.0033259423503325942,0.011086474501108648,0.9855875831485588,0.7838137472283814
old_vs_fixed,p104,t4,0.00375234521575985,0.0075046904315197,0.9887429643527205,0.7839059674502713
old_vs_fixed,p11,t4,0.005037783375314861,0.0025188916876574307,0.9924433249370277,0.7839506172839507
old_vs_fixed,p94,t1,0.02027027027027027,0.01126126126126126,0.9684684684684685,0.785234899328859
old_vs_fixed,p35,t3,0.0,0.006535947712418301,0.9934640522875817,0.7859477124183006
old_vs_fixed,p60,t3,0.007782101167315175,0.023346303501945526,0.9688715953307393,0.7862595419847328
old_vs_fixed,p57,t1,0.004784688995215311,0.014354066985645933,0.9808612440191388,0.7862838915470495
old_vs_fixed,p27,t3,0.012126865671641791,0.024253731343283583,0.9636194029850746,0.7863805970149254
old_vs_fixed,p100,t2,0.0,0.004901960784313725,0.9950980392156863,0.7864077669902912
old_vs_fixed,p21,t1,0.009174311926605505,0.0022935779816513763,0.9885321100917431,0.7867324561403509
old_vs_fixed,p52,t2,0.011342155009451797,0.010396975425330813,0.9782608695652174,0.7873345935727788
old_vs_fixed,p27,t4,0.025898078529657476,0.02506265664160401,0.9490392648287385,0.7873851294903926
old_vs_fixed,p51,t1,0.001584786053882726,0.003169572107765452,0.9952456418383518,0.7876874506708761
old_vs_fixed,p75,t1,0.0058997050147492625,0.0029498525073746312,0.9911504424778761,0.7879008746355685
old_vs_fixed,p21,t2,0.00949367088607595,0.0010548523206751054,0.989451476793249,0.7884811416921509
old_vs_fixed,p100,t4,0.005555555555555556,0.005555555555555556,0.9888888888888889,0.7888888888888889
old_vs_fixed,p21,t3,0.011254019292604502,0.003215434083601286,0.9855305466237942,0.7890995260663507
old_vs_fixed,p106,t3,0.0,0.007246376811594203,0.9927536231884058,0.7892857142857143
old_vs_fixed,p32,t2,0.005159071367153913,0.0025795356835769563,0.9922613929492692,0.7896995708154506
old_vs_fixed,p70,t2,0.00228310502283105,0.0015220700152207,0.9961948249619482,0.7908201655379985
old_vs_fixed,p13,t2,0.008556149732620321,0.011764705882352941,0.9796791443850268,0.7909090909090909
old_vs_fixed,p78,t2,0.0029985007496251873,0.0007496251874062968,0.9962518740629686,0.7910447761194029
old_vs_fixed,p94,t2,0.021052631578947368,0.002105263157894737,0.9768421052631578,0.7916666666666666
old_vs_fixed,p88,t1,0.008849557522123894,0.008849557522123894,0.9823008849557522,0.7920353982300885
old_vs_fixed,p32,t1,0.007482993197278911,0.006122448979591836,0.9863945578231292,0.7922606924643585
old_vs_fixed,p58,t3,0.0,0.0036101083032490976,0.9963898916967509,0.7924187725631769
old_vs_fixed,p11,t2,0.001941747572815534,0.003883495145631068,0.9941747572815534,0.7924710424710425
old_vs_fixed,p26,t1,0.0082930200414651,0.0034554250172771253,0.9882515549412578,0.7931034482758621
old_vs_fixed,p44,t2,0.0,0.0037593984962406013,0.9962406015037594,0.793233082706767
old_vs_fixed,p49,t1,0.029612756264236904,0.0,0.9703872437357631,0.7934065934065934
old_vs_fixed,p106,t2,0.004524886877828055,0.013574660633484163,0.9819004524886877,0.7941176470588235
old_vs_fixed,p48,t3,0.002257336343115124,0.0,0.9977426636568849,0.795045045045045
old_vs_fixed,p50,t3,0.0,0.0,1.0,0.7951388888888888
old_vs_fixed,p43,t1,0.0029354207436399216,0.00684931506849315,0.9902152641878669,0.7954990215264188
old_vs_fixed,p57,t2,0.004728132387706856,0.004728132387706856,0.9905437352245863,0.7955082742316785
old_vs_fixed,p35,t1,0.006891798759476223,0.0013783597518952446,0.9917298414886285,0.7959533607681756
old_vs_fixed,p86,t4,0.002844950213371266,0.001422475106685633,0.9957325746799431,0.7963224893917963
old_vs_fixed,p104,t1,0.014285714285714285,0.0,0.9857142857142858,0.7972972972972973
old_vs_fixed,p32,t4,0.0,0.005128205128205128,0.9948717948717949,0.7974358974358975
old_vs_fixed,p28,t2,0.01485148514851485,0.0033003300330033004,0.9818481848184818,0.7982171799027553
old_vs_fixed,p55,t1,0.00831255195344971,0.006650041562759767,0.9850374064837906,0.7986798679867987
old_vs_fixed,p89,t2,0.0,0.0,1.0,0.7988505747126436
old_vs_fixed,p77,t2,0.006242197253433208,0.0024968789013732834,0.9912609238451935,0.8006211180124223
old_vs_fixed,p75,t3,0.005141388174807198,0.002570694087403599,0.9922879177377892,0.8014138817480719
old_vs_fixed,p48,t2,0.0,0.0,1.0,0.8015873015873016
old_vs_fixed,p14,t3,0.004140786749482402,0.002070393374741201,0.9937888198757764,0.8016194331983806
old_vs_fixed,p61,t2,0.006600660066006601,0.0049504950495049506,0.9884488448844885,0.8022875816993464
old_vs_fixed,p53,t1,0.016903914590747332,0.0035587188612099642,0.9795373665480427,0.8023457862728063
old_vs_fixed,p19,t2,0.0,0.005277044854881266,0.9947229551451188,0.8025974025974026
old_vs_fixed,p31,t4,0.0019455252918287938,0.005836575875486381,0.9922178988326849,0.8029126213592233
old_vs_fixed,p26,t3,0.005813953488372093,0.0024916943521594683,0.9916943521594684,0.8031173092698933
old_vs_fixed,p84,t2,0.013245033112582781,0.0,0.9867549668874173,0.8032258064516129
old_vs_fixed,p48,t1,0.0038363171355498722,0.0038363171355498722,0.9923273657289002,0.8042091836734694
old_vs_fixed,p89,t1,0.003134796238244514,0.0,0.9968652037617555,0.8046875
old_vs_fixed,p78,t1,0.0016501650165016502,0.0,0.9983498349834984,0.8047775947281713
old_vs_fixed,p35,t4,0.015633142261594582,0.007816571130797291,0.9765502866076081,0.805137519460301
old_vs_fixed,p69,t1,0.01783264746227709,0.01646090534979424,0.9657064471879286,0.805327868852459
old_vs_fixed,p47,t2,0.0012674271229404308,0.0025348542458808617,0.9961977186311787,0.8067173637515843
old_vs_fixed,p55,t3,0.004761904761904762,0.0019047619047619048,0.9933333333333333,0.807123034227567
old_vs_fixed,p29,t4,0.02312925170068027,0.006802721088435374,0.9700680272108844,0.8071236559139785
old_vs_fixed,p103,t4,0.025157232704402517,0.009433962264150943,0.9654088050314465,0.8072100313479624
old_vs_fixed,p92,t4,0.007462686567164179,0.0,0.9925373134328358,0.8074074074074075
old_vs_fixed,p16,t3,0.007194244604316547,0.004316546762589928,0.9884892086330935,0.8074712643678161
old_vs_fixed,p22,t1,0.018036072144288578,0.004008016032064128,0.9779559118236473,0.807502467917078
old_vs_fixed,p94,t3,0.008823529411764706,0.004411764705882353,0.986764705882353,0.8078602620087336
old_vs_fixed,p71,t2,0.006993006993006993,0.0,0.993006993006993,0.8087248322147651
old_vs_fixed,p37,t2,0.010309278350515464,0.012027491408934709,0.9776632302405498,0.8087478559176673
old_vs_fixed,p29,t3,0.038461538461538464,0.0017482517482517483,0.9597902097902098,0.8089983022071308
old_vs_fixed,p88,t2,0.0036496350364963502,0.0036496350364963502,0.9927007299270073,0.8090909090909091
old_vs_fixed,p13,t1,0.009977827050997782,0.007760532150776054,0.9822616407982262,0.8093126385809313
old_vs_fixed,p80,t3,0.02962962962962963,0.0,0.9703703703703703,0.8096385542168675
old_vs_fixed,p52,t1,0.012915129151291513,0.0,0.9870848708487084,0.8096539162112932
old_vs_fixed,p37,t3,0.029556650246305417,0.014778325123152709,0.9556650246305419,0.8104265402843602
old_vs_fixed,p58,t2,0.0010330578512396695,0.0010330578512396695,0.9979338842975206,0.8104338842975206
old_vs_fixed,p13,t4,0.015544041450777202,0.013471502590673576,0.9709844559585492,0.810880829015544
old_vs_fixed,p98,t4,0.0,0.0,1.0,0.8111111111111111
old_vs_fixed,p86,t1,0.006700167504187605,0.005025125628140704,0.9882747068676717,0.8115577889447236
old_vs_fixed,p103,t3,0.0,0.0,1.0,0.8125
old_vs_fixed,p16,t4,0.0019474196689386564,0.0019474196689386564,0.9961051606621227,0.8125
old_vs_fixed,p105,t1,0.0,0.0,1.0,0.8127490039840638
old_vs_fixed,p102,t4,0.006628787878787879,0.003787878787878788,0.9895833333333334,0.8133270321361059
old_vs_fixed,p102,t2,0.011811023622047244,0.003937007874015748,0.984251968503937,0.8137254901960784
old_vs_fixed,p45,t3,0.008361204013377926,0.0033444816053511705,0.9882943143812709,0.8137417218543046
old_vs_fixed,p25,t4,0.006593406593406593,0.002197802197802198,0.9912087912087912,0.8139029688631426
old_vs_fixed,p65,t1,0.028050490883590462,0.011220196353436185,0.9607293127629734,0.813953488372093
old_vs_fixed,p64,t1,0.0,0.0,1.0,0.8141025641025641
old_vs_fixed,p63,t3,0.02547169811320755,0.0037735849056603774,0.970754716981132,0.8141263940520446
old_vs_fixed,p75,t2,0.008,0.008,0.984,0.8143236074270557
old_vs_fixed,p76,t1,0.007856341189674524,0.003367003367003367,0.9887766554433222,0.8145251396648044
old_vs_fixed,p84,t1,0.00796812749003984,0.00398406374501992,0.9880478087649402,0.8147410358565738
old_vs_fixed,p102,t1,0.008791208791208791,0.006593406593406593,0.9846153846153847,0.8153846153846154
old_vs_fixed,p13,t3,0.010958904109589041,0.012328767123287671,0.9767123287671233,0.8157534246575342
old_vs_fixed,p92,t2,0.001976284584980237,0.0,0.9980237154150198,0.8162055335968379
old_vs_fixed,p39_test,t1,0.0,0.015625,0.984375,0.81640625
old_vs_fixed,p92,t1,0.009259259259259259,0.0,0.9907407407407407,0.8165137614678899
old_vs_fixed,p37,t1,0.025,0.0,0.975,0.8170731707317073
old_vs_fixed,p43,t4,0.0031088082901554403,0.0051813471502590676,0.9917098445595854,0.8176165803108808
old_vs_fixed,p43,t2,0.0031088082901554403,0.0051813471502590676,0.9917098445595854,0.8176165803108808
old_vs_fixed,p94,t4,0.01020408163265306,0.00510204081632653,0.9846938775510204,0.8188775510204082
old_vs_fixed,p97,t4,0.008,0.0,0.992,0.8188976377952756
old_vs_fixed,p103,t1,0.006430868167202572,0.003215434083601286,0.9903536977491961,0.8194888178913738
old_vs_fixed,p101,t4,0.004694835680751174,0.0,0.9953051643192489,0.8202764976958525
old_vs_fixed,p103,t2,0.013008130081300813,0.004878048780487805,0.9821138211382113,0.8206168831168831
old_vs_fixed,p33,t1,0.004978220286247666,0.0012445550715619166,0.9937772246421904,0.8207196029776674
old_vs_fixed,p70,t3,0.0033519553072625698,0.0022346368715083797,0.994413407821229,0.8209121245828699
old_vs_fixed,p21,t4,0.011097410604192354,0.0036991368680641184,0.9852034525277436,0.8216482164821648
old_vs_fixed,p53,t2,0.022375215146299483,0.0034423407917383822,0.9741824440619621,0.8222506393861893
old_vs_fixed,p69,t2,0.01981981981981982,0.012612612612612612,0.9675675675675676,0.8223214285714285
old_vs_fixed,p31,t3,0.008641975308641974,0.003703703703703704,0.9876543209876543,0.8227383863080685
old_vs_fixed,p45,t2,0.003976143141153081,0.003976143141153081,0.9920477137176938,0.8227722772277227
old_vs_fixed,p44,t1,0.0,0.005535055350553505,0.9944649446494465,0.8228782287822878
old_vs_fixed,p28,t1,0.0076726342710997444,0.0025575447570332483,0.989769820971867,0.8229695431472082
old_vs_fixed,p20,t1,0.006024096385542169,0.007028112449799197,0.9869477911646586,0.8232931726907631
old_vs_fixed,p29,t1,0.022790055248618785,0.004143646408839779,0.9730662983425414,0.8236101578586136
old_vs_fixed,p47,t1,0.005842259006815969,0.0,0.994157740993184,0.824298160696999
old_vs_fixed,p26,t2,0.01142263759086189,0.0010384215991692627,0.9875389408099688,0.8244626407369499
old_vs_fixed,p76,t2,0.007312614259597806,0.0018281535648994515,0.9908592321755028,0.8245454545454546
old_vs_fixed,p59,t3,0.002677376171352075,0.0013386880856760374,0.9959839357429718,0.8249336870026526
old_vs_fixed,p20,t4,0.005925925925925926,0.0044444444444444444,0.9896296296296296,0.8252212389380531
old_vs_fixed,p10,t4,0.0,0.0,1.0,0.8266666666666667
old_vs_fixed,p56,t3,0.007033997655334115,0.0,0.9929660023446659,0.8273464658169177
old_vs_fixed,p56,t1,0.0020554984583761563,0.0020554984583761563,0.9958890030832477,0.8274291497975709
old_vs_fixed,p35,t2,0.008583690987124463,0.002145922746781116,0.9892703862660944,0.8276231263383298
old_vs_fixed,p55,t2,0.0034562211981566822,0.008064516129032258,0.988479262672811,0.8277649769585254
old_vs_fixed,p29,t2,0.03629469122426869,0.0016251354279523294,0.962080173347779,0.8277689454160042
old_vs_fixed,p14,t4,0.0,0.0022471910112359553,0.9977528089887641,0.8280898876404494
old_vs_fixed,p53,t3,0.015544041450777202,0.004145077720207254,0.9803108808290155,0.828365878725591
old_vs_fixed,p50,t2,0.0016806722689075631,0.0,0.9983193277310924,0.8283828382838284
old_vs_fixed,p68,t1,0.0,0.0010683760683760685,0.9989316239316239,0.828556263269639
old_vs_fixed,p93,t2,0.0,0.02857142857142857,0.9714285714285714,0.8285714285714286
old_vs_fixed,p47,t3,0.00228310502283105,0.0,0.997716894977169,0.8287671232876712
old_vs_fixed,p50,t1,0.0037105751391465678,0.0009276437847866419,0.9953617810760668,0.8294930875576036
old_vs_fixed,p16,t2,0.0037243947858473,0.00186219739292365,0.994413407821229,0.8297773654916512
old_vs_fixed,p40,t2,0.0029850746268656717,0.0,0.9970149253731343,0.8298507462686567
old_vs_fixed,p25,t2,0.013171225937183385,0.002026342451874367,0.9848024316109423,0.8301507537688442
old_vs_fixed,p73,t3,0.0012594458438287153,0.0012594458438287153,0.9974811083123426,0.8312342569269522
old_vs_fixed,p30,t4,0.006493506493506494,0.012987012987012988,0.9805194805194806,0.83125
old_vs_fixed,p104,t2,0.009216589861751152,0.0,0.9907834101382489,0.8317972350230415
old_vs_fixed,p33,t3,0.00463678516228748,0.0015455950540958269,0.9938176197836167,0.8323053199691596
old_vs_fixed,p31,t1,0.006567164179104477,0.0023880597014925373,0.991044776119403,0.8327412670219064
old_vs_fixed,p90,t4,0.0125,0.003125,0.984375,0.8328220858895705
old_vs_fixed,p77,t3,0.0038363171355498722,0.00319693094629156,0.9929667519181585,0.8331202046035806
old_vs_fixed,p54,t2,0.0034924330616996507,0.004656577415599534,0.9918509895227008,0.8335273573923166
old_vs_fixed,p105,t3,0.0,0.0,1.0,0.8350515463917526
old_vs_fixed,p37,t4,0.011049723756906077,0.011049723756906077,0.9779005524861878,0.8351063829787234
old_vs_fixed,p14,t2,0.0017064846416382253,0.0034129692832764505,0.9948805460750854,0.8356047700170358
old_vs_fixed,p107,t1,0.013245033112582781,0.002207505518763797,0.9845474613686535,0.8362255965292842
old_vs_fixed,p70,t1,0.013377926421404682,0.002229654403567447,0.9843924191750278,0.8370044052863436
old_vs_fixed,p10,t3,0.002770083102493075,0.002770083102493075,0.9944598337950139,0.8370165745856354
old_vs_fixed,p33,t4,0.007322175732217573,0.0,0.9926778242677824,0.8373305526590198
old_vs_fixed,p41,t1,0.01237842617152962,0.005305039787798408,0.982316534040672,0.8374340949033392
old_vs_fixed,p86,t3,0.0,0.0,1.0,0.8379629629629629
old_vs_fixed,p33,t2,0.004103967168262654,0.0006839945280437756,0.9952120383036935,0.8382152588555858
old_vs_fixed,p106,t1,0.015037593984962405,0.007518796992481203,0.9774436090225563,0.8383458646616542
old_vs_fixed,p58,t1,0.001440922190201729,0.0,0.9985590778097982,0.8387329013678906
old_vs_fixed,p23,t4,0.010924369747899159,0.0025210084033613447,0.9865546218487395,0.8390756302521009
old_vs_fixed,p54,t3,0.007082152974504249,0.00141643059490085,0.9915014164305949,0.8412921348314607
old_vs_fixed,p25,t3,0.006828528072837633,0.0015174506828528073,0.9916540212443096,0.8421052631578947
old_vs_fixed,p14,t1,0.0041981528127623844,0.0041981528127623844,0.9916036943744753,0.8429890848026869
old_vs_fixed,p77,t1,0.009887005649717515,0.005649717514124294,0.9844632768361582,0.8431786216596343
old_vs_fixed,p45,t1,0.0065237651444548,0.001863932898415657,0.9916123019571296,0.8435185185185186
old_vs_fixed,p25,t1,0.003931847968545216,0.001310615989515072,0.9947575360419397,0.8437908496732026
old_vs_fixed,p101,t1,0.011857707509881422,0.003952569169960474,0.9841897233201581,0.8438735177865613
old_vs_fixed,p27,t1,0.025510204081632654,0.01020408163265306,0.9642857142857143,0.8443877551020408
old_vs_fixed,p54,t1,0.01608187134502924,0.007309941520467836,0.9766081871345029,0.8445255474452554
old_vs_fixed,p31,t2,0.00331858407079646,0.0022123893805309734,0.9944690265486725,0.8447136563876652
old_vs_fixed,p96,t2,0.0053475935828877,0.0,0.9946524064171123,0.8465608465608465
old_vs_fixed,p56,t2,0.002232142857142857,0.0,0.9977678571428571,0.8495575221238938
old_vs_fixed,p100,t3,0.0,0.00909090909090909,0.990909090909091,0.85
old_vs_fixed,p101,t3,0.0030211480362537764,0.0030211480362537764,0.9939577039274925,0.8528528528528528
old_vs_fixed,p92,t3,0.0136986301369863,0.0,0.9863013698630136,0.8529411764705882
old_vs_fixed,p22,t3,0.0188953488372093,0.00436046511627907,0.9767441860465116,0.8554131054131054
old_vs_fixed,p18,t3,0.004975124378109453,0.0,0.9950248756218906,0.8555555555555555
old_vs_fixed,p23,t2,0.007473841554559043,0.0,0.992526158445441,0.8559701492537314
old_vs_fixed,p59,t2,0.002176278563656148,0.0,0.9978237214363439,0.8561346362649295
old_vs_fixed,p63,t2,0.03228346456692913,0.0015748031496062992,0.9661417322834646,0.8561484918793504
old_vs_fixed,p73,t2,0.00548159749412686,0.0015661707126076742,0.9929522317932654,0.8565285379202502
old_vs_fixed,p59,t1,0.0027223230490018148,0.0018148820326678765,0.9954627949183303,0.8570780399274047
old_vs_fixed,p102,t3,0.004048582995951417,0.004048582995951417,0.9919028340080972,0.857429718875502
old_vs_fixed,p71,t1,0.022792022792022793,0.002849002849002849,0.9743589743589743,0.8585434173669467
old_vs_fixed,p80,t2,0.011244377811094454,0.0,0.9887556221889056,0.8585672082717873
old_vs_fixed,p17,t2,0.011695906432748537,0.0,0.9883040935672515,0.859073359073359
old_vs_fixed,p99,t4,0.010796221322537112,0.0,0.9892037786774629,0.8591644204851752
old_vs_fixed,p83,t2,0.004273504273504274,0.0,0.9957264957264957,0.8595744680851064
old_vs_fixed,p99,t3,0.02,0.0,0.98,0.86
old_vs_fixed,p97,t2,0.010309278350515464,0.0,0.9896907216494846,0.8622448979591837
old_vs_fixed,p99,t1,0.0035211267605633804,0.0,0.9964788732394366,0.8631578947368421
old_vs_fixed,p87,t4,0.0,0.0,1.0,0.8666666666666667
old_vs_fixed,p71,t3,0.011577424023154847,0.0,0.9884225759768451,0.8686440677966102
old_vs_fixed,p90,t3,0.012195121951219513,0.0040650406504065045,0.983739837398374,0.8694779116465864
old_vs_fixed,p93,t1,0.010344827586206896,0.0,0.9896551724137931,0.8703071672354948
old_vs_fixed,p23,t3,0.0013315579227696406,0.0039946737683089215,0.9946737683089214,0.8708388814913449
old_vs_fixed,p18,t4,0.0037174721189591076,0.0,0.9962825278810409,0.8714462299134734
old_vs_fixed,p40,t3,0.015046296296296295,0.0,0.9849537037037037,0.871606334841629
old_vs_fixed,p39_test,t2,0.0,0.0,1.0,0.8721804511278195
old_vs_fixed,p82,t3,0.0012626262626262627,0.0012626262626262627,0.9974747474747475,0.8731060606060606
old_vs_fixed,p15,t1,0.0013831258644536654,0.0,0.9986168741355463,0.8746546961325967
old_vs_fixed,p23,t1,0.007475083056478406,0.0,0.9925249169435216,0.8751033912324235
old_vs_fixed,p41,t3,0.028037383177570093,0.004672897196261682,0.9672897196261683,0.8758700696055685
old_vs_fixed,p18,t1,0.0034482758620689655,0.0,0.996551724137931,0.8760757314974182
old_vs_fixed,p15,t2,0.0026246719160104987,0.0026246719160104987,0.994750656167979,0.8772965879265092
old_vs_fixed,p15,t4,0.002285714285714286,0.0,0.9977142857142857,0.8797035347776511
old_vs_fixed,p83,t1,0.0,0.0,1.0,0.8803418803418803
old_vs_fixed,p83,t3,0.003134796238244514,0.0,0.9968652037617555,0.884375
old_vs_fixed,p18,t2,0.008902077151335312,0.0,0.9910979228486647,0.8844165435745938
old_vs_fixed,p97,t3,0.004016064257028112,0.002008032128514056,0.9939759036144579,0.8847695390781564
old_vs_fixed,p17,t4,0.004909983633387889,0.0024549918166939444,0.9926350245499181,0.8849918433931484
old_vs_fixed,p46,t2,0.0010548523206751054,0.0010548523206751054,0.9978902953586498,0.8850210970464135
old_vs_fixed,p104,t3,0.0,0.004878048780487805,0.9951219512195122,0.8853658536585366
old_vs_fixed,p41,t2,0.007462686567164179,0.004975124378109453,0.9875621890547264,0.8855721393034826
old_vs_fixed,p97,t1,0.014975041597337771,0.0016638935108153079,0.9833610648918469,0.8877049180327868
old_vs_fixed,p46,t3,0.0026200873362445414,0.0008733624454148472,0.9965065502183406,0.894759825327511
old_vs_fixed,p17,t3,0.006172839506172839,0.0,0.9938271604938271,0.8957055214723927
old_vs_fixed,p46,t1,0.004171011470281543,0.0,0.9958289885297185,0.897288842544317
old_vs_fixed,p99,t2,0.0,0.0,1.0,0.9024390243902439
old_vs_fixed,p87,t5,0.0,0.0,1.0,1.0
